000000004 1000 0
000000004 -3000 0
000000004 -1400 0
000000004 -400 0
000000004 -1000 0
000000003 200 0
000000004 -2000 1
000000004 -1000 1
000000004 -1000 1
000000004 -500 1
000000004 -499 1
000000004 -5000 1
000000004 -1000 1
1752231207 -500 1
000000004 -500 1
1752231207 -500 1
000000004 500 1
000000004 -500 1
1752231207 -13 1
000000004 500 1
1752231207 -300 1
1752231207 -200 1
000000004 -200 1
000000004 -500 1
1752231207 -200 1
000000004 -500 2
1752231207 -200 2
000000004 300 2
1752231207 -300 2
000000004 -500 2
1752231207 -500 2
000000004 500 2
1752231207 -200 2
1752231207 -200 2
000000004 -500 2
1752231207 -500 2
000000004 500 2
1752231207 -500 2
000000004 -500 2
000000004 -500 2
000000002 -1000 2
000000002 -700 2
000000002 -500 2
